[recibo.jpg]
filters=fill=1,0.093458;autocolor=1;fill=1,0.663551;finetune2=1,0.397661,0.000000,0.458824,00000000,0.000000;
moddate=6a15ad74c58fd101
width=2121
height=1700
textactive=0
